0.000001000000000 0.000001000000000 0.000001000000000 0.000001000000000 0.000001000000000 0.000001000000000
0.000002675281437 0.000007743266643 -0.000013095388988 -0.000000249302763 0.000017352990034 -0.000001501378651
-0.000005538663464 -0.000009872027888 0.000000297936762 0.000008749193434 -0.000017152057414 0.000000876017886
-0.000007884863725 -0.000008314956383 0.000001015226356 0.000017224435493 0.000016237635661 0.000018260531248
0.000001388948677 0.000002068507744 0.000015434355178 0.000015952100089 -0.000017612100390 -0.000000882329105
-0.000009588884235 0.000011151147927 -0.000010400872974 0.000006550879322 -0.000006558663508 -0.000007853315931
0.000012425987373 -0.000014314460025 0.000014558659908 -0.000006949150655 0.000016959928723 0.000016818915209
0.000004943694482 0.000005636714977 0.000015991969324 0.000013392511296 0.000009241669285 -0.000016331726000
-0.000012377717517 -0.000004037858239 0.000015687777914 0.000004464034307 0.000005996095342 -0.000017555097619
0.000012376505216 -0.000003247670935 -0.000000366603758 -0.000015130670461 0.000017771640718 -0.000000083144998
0.000012150723148 -0.000007595900261 0.000008961693816 -0.000004881183594 0.000001672045790 -0.000000183413340
-0.000010372769522 0.000016104920591 -0.000012588006115 -0.000017950002506 0.000005107363236 0.000002597363147
0.000016457262308 -0.000016558203044 -0.000005235677746 0.000014473114086 0.000016026296827 -0.000010444030376
0.000004092401554 0.000013065846201 -0.000018389671307 -0.000008912414795 0.000008756950630 0.000008833504821
-0.000002384730957 -0.000005464733837 0.000000713959720 -0.000013095760440 0.000004924668026 -0.000001466523444
0.000018013912855 -0.000014426045244 0.000006035959223 -0.000009096755281 -0.000000958890200 -0.000008345925810
0.000014515571678 -0.000001885664077 0.000004172858469 0.000017856736897 -0.000000654866299 0.000006943088745
0.000008637198237 0.000004413411413 0.000014267940735 -0.000010005413669 0.000018252447695 -0.000010839693480
0.000000753572733 -0.000014505978496 0.000012112803838 0.000008278147675 -0.000004863023900 -0.000004003405689
-0.000010277250859 0.000002173238482 -0.000000281513116 0.000011525795871 -0.000011647009613 0.000014115681311
0.000016280741606 -0.000004763672691 -0.000013967005856 -0.000015193317501 0.000016601990619 0.000001653905036
-0.000001874641270 0.000017876256644 0.000017463650635 -0.000001802233928 0.000013016546488 0.000016524620675
-0.000015682970337 0.000011802051639 0.000016153547648 0.000016438649861 0.000006932864464 0.000002438075578
-0.000001224645291 0.000010627356651 0.000015583965987 -0.000013024034114 -0.000010093272861 0.000004154653530
0.000002092275002 -0.000010914866931 -0.000016299437096 0.000010987843659 -0.000012025304549 0.000010052423113
0.000014850332786 -0.000010353777188 0.000008320879337 0.000012074843782 -0.000003156110483 -0.000011933669641
-0.000009829178712 0.000003633711523 0.000008488338070 0.000014859453131 0.000011964259217 0.000010612118364
0.000005292369336 0.000016254349121 0.000002259185348 0.000006027631504 -0.000006220411438 -0.000000438900207
0.000011996916802 -0.000008304830425 -0.000002823424120 0.000012192009238 -0.000002084299364 0.000015115305901
-0.000014163986934 0.000006770148108 0.000004813855299 0.000009912171361 -0.000002594158469 -0.000013329436062
0.000005644334993 0.000002898498454 0.000001926398980 -0.000007023798947 0.000003157474507 0.000012423949941
-0.000013105739137 -0.000017268593267 0.000002459759069 -0.000007483206539 -0.000014599065495 -0.000001871702748
-0.000012537930110 0.000000079338885 -0.000005899237176 0.000011768404211 0.000003221840898 -0.000011714690065
0.000002450973325 -0.000014158586637 0.000016218964086 0.000011682524235 0.000012727204200 0.000003963775802
-0.000000155287971 0.000016174733867 -0.000007615705076 -0.000009029019084 0.000000700309529 0.000001756433819
0.000014681231846 0.000018046495669 0.000015646736408 0.000007128785011 -0.000014570330603 -0.000011648218575
0.000006014218854 -0.000008549379057 -0.000003551754179 0.000001082589230 0.000009538123675 -0.000006489840811
-0.000015157507457 0.000005698779385 0.000009345226827 -0.000014334193233 -0.000013406290051 0.000006371730648
0.000010569011281 -0.000014552836816 -0.000013064101166 0.000007961433606 0.000010745705178 -0.000008832980893
-0.000010820963147 0.000000712421537 -0.000000073326275 -0.000000740516146 0.000010060811879 0.000005938920062
-0.000010184093486 0.000016356963148 0.000014130783671 0.000015205920968 -0.000010106489700 -0.000006562940031
0.000001906730586 0.000002770502536 0.000018021287481 -0.000007698803058 -0.000017375416883 -0.000009522340573
-0.000005865228186 0.000011004040634 -0.000004652346069 -0.000006835837922 -0.000005811920533 0.000013104326424
-0.000012632652113 0.000017003097623 -0.000005685385068 -0.000003845611478 -0.000005347447554 0.000011614511551
-0.000016528932134 -0.000015321247207 -0.000018215536271 0.000001129682446 0.000006896603849 0.000012741137449
0.000012636482348 -0.000012956194204 -0.000004039547324 -0.000012572278332 -0.000015744636082 0.000015722562525
-0.000005796317682 0.000008170759587 0.000009770940875 -0.000000796155937 -0.000009515973704 0.000008604544158
-0.000015158782355 -0.000013751938882 0.000018167436886 0.000009683153646 0.000011623448352 -0.000006412204932
0.000014443621666 0.000001358768724 0.000004132883342 0.000001209729082 -0.000003249649007 -0.000002722110906
0.000009697105857 0.000013927267942 -0.000013062211654 0.000010106751711 0.000007211744287 0.000015854005395
-0.000015279834446 -0.000015312884709 0.000013098028334 0.000006746960982 0.000002753330004 0.000017648387813
0.000009218761521 -0.000008595279837 -0.000009227636208 0.000009477512788 -0.000001908766994 -0.000001505745280
-0.000001138490989 -0.000004153243580 -0.000015785489895 0.000007274360104 0.000011853696781 -0.000008321706558
-0.000008777240796 -0.000013960477022 -0.000009781317756 0.000008991029748 -0.000005598417853 -0.000006874261851
0.000006624567808 0.000012341492907 0.000001389826488 -0.000015137154048 0.000014601098674 0.000005050685076
0.000007173696769 -0.000015815055372 -0.000013399056008 -0.000000899725199 -0.000010716511411 -0.000017996255143
-0.000005484339594 0.000015372870042 -0.000018053487943 -0.000016978138575 -0.000012951948989 0.000003409051864
0.000015388908979 -0.000005917913784 0.000013215493704 0.000016506530036 0.000013985596612 0.000007077368954
-0.000001041691266 -0.000010504176243 -0.000014554958143 0.000016424701117 -0.000013443390474 0.000012928814655
0.000002604944707 -0.000012896750193 -0.000009899654273 0.000014684017989 0.000004066015266 -0.000015233730910
-0.000005418295710 -0.000004622132778 0.000003191892687 0.000014814261685 -0.000013805137994 -0.000004857791613
0.000017418643988 0.000008198865995 0.000016442190007 0.000003435305957 0.000005098320291 -0.000004273393711
-0.000008371491724 0.000011707032507 0.000017060314464 -0.000011470576140 0.000004557285044 -0.000014726353296
0.000011125897464 -0.000007457546304 -0.000008938694775 -0.000002982667136 0.000008167813873 -0.000009913939914
0.000016995336395 0.000004527176825 -0.000012296154418 0.000007162964177 0.000011845497042 0.000016438495093
0.000009449665103 -0.000017033789735 -0.000017248852298 -0.000003764143210 -0.000000250694324 0.000016330994182
-0.000003741644512 0.000011755971599 -0.000012432741640 0.000001591115134 -0.000001201104637 -0.000003128217481
0.000003914452245 0.000011514171078 0.000011880853186 -0.000015116259396 -0.000003554634244 -0.000006034240225
0.000005501746851 0.000009767774553 -0.000004775033310 -0.000003575446343 -0.000009044874362 -0.000000436022377
-0.000017586655650 -0.000002003537328 -0.000002780692444 0.000001927955420 0.000005397551874 0.000015452845428
0.000006817533222 -0.000006460515797 -0.000002801884790 0.000017867775166 -0.000009101041747 0.000018193622039
0.000017503014501 -0.000015397136700 0.000002034392853 0.000003393658824 -0.000002707672041 0.000010855030314
-0.000002184386164 -0.000003127696040 0.000008289627164 -0.000002277352430 0.000017104626750 -0.000003981822931
-0.000017591549250 0.000012916215783 0.000002641122312 -0.000003477814756 0.000008518583587 -0.000001390398665
0.000010786814275 -0.000008232674161 0.000006586155607 -0.000001962747651 -0.000004761576865 0.000009598197129
-0.000008019298740 0.000006667750986 0.000015545885307 0.000014750799696 0.000018081631054 -0.000000280529839
-0.000018096159809 -0.000011118065475 0.000014380993656 0.000007812869469 -0.000004288575172 0.000012131773980
-0.000009017926342 0.000012299610609 -0.000001829700716 -0.000015734094184 0.000014955765571 0.000010617249053
0.000004086481456 -0.000011571680556 -0.000015040653624 -0.000014852719848 -0.000011096604734 -0.000016332190011
-0.000012995719754 -0.000013827735172 -0.000002742922861 -0.000007790262988 -0.000005842702268 -0.000007355134005
0.000001704982541 -0.000006585644352 0.000009123170696 -0.000014105420869 0.000010916705717 0.000005174857592
-0.000002993447780 0.000008122567857 -0.000011596988805 0.000017398226194 0.000007176453415 -0.000008925755379
-0.000004986784966 0.000005551293303 0.000007818138397 -0.000010078449848 0.000006399433289 0.000018362865508
-0.000009072237080 0.000009613588949 -0.000011859774948 0.000017288514154 0.000005641315067 0.000011222463240
-0.000006340691808 0.000008671609014 -0.000011259392725 -0.000007010252789 -0.000008709568163 -0.000011671712406
-0.000004301681081 -0.000009914367346 -0.000002212730718 0.000014265169475 0.000009319044134 -0.000010020293424
-0.000005017841602 -0.000009664724314 -0.000002122282210 -0.000008001442643 -0.000002014168472 0.000017528308598
-0.000008234933561 0.000006663705695 0.000002008396260 -0.000011850664330 -0.000011780617360 -0.000007681341129
0.000015805917168 -0.000014396327506 0.000001489793426 -0.000016234029426 -0.000010168621358 -0.000007786926239
0.000007527526982 -0.000007126760639 -0.000010396630487 -0.000014379026855 0.000010443692678 -0.000012960003338
0.000001825349707 -0.000010774057528 0.000017284523716 -0.000012175498463 0.000004981285568 0.000003526096546
-0.000005117613999 0.000001576927161 0.000011165145144 0.000007637678852 -0.000000842788680 -0.000012998629560
0.000010474448714 0.000000957344585 0.000017240695035 0.000017880481676 0.000010762619807 0.000018119502175
0.000010706637727 -0.000005007746716 0.000001223906470 -0.000014169420561 -0.000008505863693 -0.000007525224493
-0.000015868262599 0.000014490408561 0.000004200735605 -0.000013165109337 -0.000001912309804 0.000006417763938
-0.000003280278172 -0.000011315869668 0.000002332379258 -0.000002496388513 -0.000001418930604 -0.000003287567396
0.000013656638878 -0.000014030475574 0.000007386000941 -0.000005003883929 0.000003069759071 0.000010342882724
0.000013986309070 0.000003459115943 0.000010603980645 0.000013014085718 0.000004150070721 -0.000012110928053
-0.000016264831034 -0.000007446205007 0.000013024455675 -0.000002025105957 -0.000011702163418 0.000013902425230
-0.000008798782982 0.000003342312136 0.000005989167352 -0.000006759275631 0.000005795869481 -0.000008487416025
-0.000007475291117 0.000015626611746 -0.000005945401797 0.000009341329822 0.000009967729865 -0.000013707877541
0.000007303863700 0.000002203740974 -0.000010044954469 -0.000013164554717 -0.000016134569698 -0.000001565117443
0.000001878780774 0.000002338430132 -0.000009309598817 0.000016008911021 -0.000007036287532 -0.000006951881296
-0.000015306538190 0.000002716097830 0.000014740480598 -0.000017689942350 -0.000007629199032 -0.000006983180790
0.000016337253770 0.000015426209013 -0.000007102967075 0.000018181932140 -0.000010445407530 0.000002043231033
-0.000012915036088 0.000016532706512 -0.000014660942479 -0.000005857562738 -0.000004236979458 -0.000017934605447
-0.000007475976048 0.000001881854426 0.000011268161079 0.000017032093076 0.000006560691591 -0.000011243115321
0.000012271292988 0.000012151830055 0.000014231826718 -0.000007286092003 -0.000017100825635 -0.000016919556611
0.000001710196311 0.000011147487996 -0.000015166509089 0.000001604003784 -0.000000110483577 0.000009461146656
0.000015769399174 -0.000002829478819 0.000001877242288 0.000008530522806 0.000005999333438 0.000006835025783
-0.000007748903071 -0.000006694256230 -0.000000030944153 0.000003626027903 -0.000001270058278 0.000010291279565
-0.000009676849263 -0.000007867667699 -0.000004767993732 0.000005045441147 -0.000010641561137 0.000012055660091
-0.000011761256873 0.000008925439594 0.000011733085102 0.000000080129772 -0.000016535239093 -0.000007565580824
-0.000018040140259 -0.000007177014232 0.000016082755250 0.000018181977064 -0.000001855850258 0.000008818007242
-0.000018243076640 -0.000009005912376 -0.000011661609725 0.000002218090936 -0.000016955598486 -0.000005709306158
-0.000004567718265 -0.000008448555811 -0.000008788916603 -0.000007802734269 0.000001386687138 -0.000005975731737
0.000016910446565 -0.000011839000018 0.000007044564091 -0.000000094095862 -0.000010256800122 -0.000005328839786
0.000003346878009 -0.000013452855888 -0.000017107714797 -0.000015233538461 -0.000009358883494 -0.000006562115082
0.000005668684474 0.000016525163975 -0.000017418932753 -0.000011521881615 -0.000015789745149 -0.000008177991713
-0.000017708114555 0.000014691515761 0.000011017390195 -0.000000412835626 -0.000002927205205 0.000015982844810
-0.000015421708178 0.000018041138125 -0.000005975718610 -0.000010881115469 -0.000002780733337 0.000013906864560
-0.000013426255837 -0.000005784342107 0.000003452770685 0.000005514822227 0.000002839596888 -0.000007789930520
0.000011872139188 0.000008021565848 -0.000014950983795 -0.000007421911479 -0.000005615667077 -0.000006352072741
-0.000014721896114 -0.000013088396091 -0.000003090112403 0.000014984795518 -0.000005616726409 0.000005197925408
-0.000012934102656 0.000017814099770 -0.000017377763232 0.000002754734117 -0.000011401768554 -0.000010065893208
-0.000011030335860 -0.000016871920309 -0.000013895803027 -0.000011556677783 0.000001173102253 0.000011756680223
-0.000007432585370 -0.000001969014205 -0.000004452545109 0.000001521331265 0.000008012966338 -0.000005399733583
0.000010273488668 -0.000018383922002 0.000015524814159 -0.000007818897008 -0.000005354857175 0.000004658230421
-0.000000314596688 -0.000018266051560 -0.000015266779759 -0.000010232086440 -0.000011374925480 0.000004919896601
-0.000012484279093 -0.000002139779656 0.000010509256950 0.000010335061074 0.000011685377757 0.000011861745210
-0.000015274898331 0.000000897518072 0.000017290551816 -0.000012446844692 -0.000001707801415 -0.000008338007892
-0.000012840052383 -0.000008055848888 -0.000000820862654 -0.000008226071632 -0.000015255228451 0.000012121941094
0.000002053489707 -0.000017176107857 -0.000006656661716 0.000009195578426 -0.000006187279189 0.000008001782929
0.000014682661871 0.000009763928412 -0.000008597992406 -0.000016072814468 0.000000245026291 -0.000002505107648
0.000009635280203 0.000007959939925 -0.000016502886087 0.000015542505992 -0.000013661791932 0.000013924465741
-0.000001431485406 0.000012440797019 0.000014108670213 -0.000007005482067 0.000006846324348 0.000010178431600
-0.000010963456780 -0.000013286383045 -0.000004525595033 -0.000007051241640 0.000000206606905 -0.000007427102851
-0.000006479828277 0.000003752557182 -0.000002293275852 -0.000004113749688 0.000007637368432 -0.000018013641488
-0.000016983861340 0.000002745735134 -0.000001717427380 0.000005399817795 0.000004327294079 -0.000002809509455
-0.000015654857086 -0.000015758067928 -0.000006695651498 0.000012188644075 0.000017105535722 0.000007137320446
0.000005981670582 -0.000003474002741 0.000003275520099 0.000009695236312 0.000016190027324 -0.000002825628226
0.000018240217983 -0.000013126056497 -0.000006994771570 0.000010939602346 0.000000501134934 -0.000011835391374
0.000012264194790 -0.000013301666195 -0.000007149929710 0.000016881577552 -0.000012534141251 -0.000007954864384
-0.000007291983445 0.000004708457631 0.000015350967981 0.000002909230807 -0.000001167904459 0.000011486947930
-0.000012344568780 -0.000016472363496 0.000005358386345 0.000003774152768 -0.000000127290811 0.000015209827288
-0.000002822928104 0.000014409757342 -0.000000192053450 0.000016546501235 0.000013096582440 0.000010357267684
-0.000010782825044 0.000014180201880 0.000004279614965 0.000015573752540 -0.000007066564766 0.000005218743847
-0.000006729475981 -0.000003546206650 0.000012994584260 -0.000005508948147 -0.000012424969183 0.000000281897738
0.000017164345097 -0.000013711339751 0.000005077043872 0.000004319686142 -0.000017331250106 0.000010979542913
-0.000009136390881 -0.000003570801209 -0.000017486141811 0.000002296786569 -0.000008966932136 -0.000011211675533
0.000003733344368 -0.000015454074869 -0.000002594583374 0.000016160693099 -0.000008713240107 0.000008106558534
0.000012596616736 -0.000006519093922 0.000011086542170 0.000010024132576 0.000014602189681 0.000009556336445
-0.000012045606235 -0.000009736231735 -0.000006836667985 -0.000003252245059 0.000015656365540 -0.000000155206093
0.000018261539862 -0.000015572758019 0.000007283132548 -0.000012477039315 0.000002310827898 -0.000001045491705
-0.000008262666373 -0.000000576967844 -0.000005989794668 0.000010560777744 -0.000005510793903 0.000003434239650
0.000015357996742 0.000007443701442 0.000003010762776 -0.000007351793328 -0.000013064855445 -0.000013271786808
0.000016636150197 0.000017403315266 -0.000001991527064 0.000003603376582 0.000015276192264 0.000007630581984
-0.000006192321903 0.000002226419885 -0.000001551166358 0.000014713520051 0.000011069962550 0.000014105161875
0.000007362223029 -0.000002882947581 -0.000014410148605 0.000000559173162 0.000012808330692 -0.000012536862989
0.000004504908006 -0.000001708463976 0.000015416003893 0.000008031083170 -0.000006292033250 0.000013279676582
0.000013220145618 -0.000002657128260 0.000016409026445 -0.000013148005628 0.000013311022916 0.000006862450505
-0.000009038282091 -0.000000812834227 0.000012902042158 0.000010342642635 0.000009355195116 -0.000012588881952
0.000002901764141 -0.000004523595831 0.000016692900448 -0.000007075766510 0.000004997802629 -0.000006675657031
-0.000016700212632 0.000016251721694 -0.000003645535855 -0.000009262431085 0.000002168496280 -0.000006258656977
-0.000004899523703 0.000009714020606 0.000003622261363 -0.000007658878542 0.000014875188766 -0.000014046937795
-0.000005985690904 -0.000011365452949 0.000014594721207 -0.000008463417178 0.000010460097511 0.000008215226744
-0.000010516049994 0.000010026014550 0.000006060385157 0.000018066398028 0.000013498923173 -0.000005455004457
0.000014521167460 -0.000004677156387 0.000011426500651 0.000016440721079 -0.000016193939848 0.000008118426571
-0.000007116704352 0.000010094244048 0.000015947428282 -0.000014368124010 0.000002819544455 0.000010673922202
-0.000001703299816 -0.000015888991762 -0.000004102286574 0.000002440444151 0.000009984175121 -0.000008316894782
0.000002149829989 -0.000008292271939 -0.000007389594245 -0.000012704108049 -0.000015713735670 -0.000011032390560
0.000004834507206 -0.000003991021861 -0.000013745218925 0.000014040674753 -0.000005740811675 -0.000002617825680
0.000004957599535 0.000017757203622 0.000010513411723 0.000001850680333 0.000005460202907 0.000012694722247
-0.000008999396906 0.000001766984019 -0.000014138818740 -0.000015517170559 0.000015164125929 -0.000008501471285
-0.000009484887092 -0.000017266940946 0.000015995003888 0.000015124297800 -0.000002485975883 0.000003292972836
0.000012585429811 0.000004901834284 -0.000017858260256 -0.000016454446104 0.000008958295781 0.000002459079340
0.000018106891085 0.000017179759843 0.000003279510398 -0.000001942178253 0.000006223698201 0.000007184434331
0.000006647651049 0.000000355993027 -0.000002713837424 0.000005946792710 0.000009471245778 -0.000012829543087
-0.000007163958838 -0.000009670374948 -0.000011489484988 0.000014001611268 0.000016713107700 0.000001243584171
0.000013702789802 0.000002817530197 0.000007284028035 -0.000012545744323 -0.000017061407492 0.000011368373440
-0.000007034314295 -0.000013278119771 -0.000002175006565 -0.000010311901662 -0.000005984237261 -0.000014910378812
-0.000011369775986 0.000004191832751 0.000003180517563 -0.000000802179896 -0.000011395234621 -0.000008475374753
0.000004225390550 0.000014660277230 0.000014955181516 0.000009430403007 -0.000007968797698 0.000000938240157
0.000013613484310 0.000004924821841 0.000002713770954 0.000015953268006 0.000008782993055 0.000001301294975
-0.000010175046200 -0.000017811567845 0.000007096494200 0.000012919161147 0.000008414378515 -0.000008721086168
0.000001148866631 -0.000015554517657 -0.000003327770282 0.000000009987444 -0.000011338036870 -0.000000292339397
0.000010435896074 0.000003866068972 -0.000000807492676 -0.000010763818004 0.000013481425728 0.000008694116963
0.000012433888165 -0.000017949858562 -0.000000368386620 -0.000003374283330 -0.000008358485196 0.000011199872824
-0.000005999628335 0.000003839631915 -0.000002907785130 0.000004102639793 0.000004807747230 -0.000002393995799
-0.000008461481809 -0.000017711700051 0.000005411467296 0.000014064553743 -0.000004042918219 0.000000403897187
0.000011470106326 0.000008670200370 0.000017031453203 0.000004329003248 0.000011021919167 -0.000012998698529
-0.000005156264923 0.000011905090749 0.000018194973704 -0.000017305909871 0.000002393566037 0.000010333455497
-0.000006135461494 -0.000004118175158 -0.000010048735467 -0.000017277378434 0.000018119060479 0.000012632013446
0.000008304863098 0.000002660187473 -0.000004792611048 0.000014769202939 -0.000004554510682 -0.000011605298336
0.000013286692497 -0.000016238415931 -0.000016245500104 0.000012733124542 0.000009625602051 -0.000013151782188
-0.000004245489833 -0.000012427017840 0.000014669071696 -0.000008580934056 -0.000010628702160 -0.000016757604883
-0.000006597077560 -0.000011963215751 -0.000010942766618 -0.000015559061964 -0.000010569860895 0.000004686175621
0.000010754735121 -0.000002469800984 0.000007873317860 -0.000016139917311 0.000010237801205 0.000000360442214
-0.000006549776498 -0.000007990196678 0.000008351376606 0.000005103987321 -0.000011669222884 0.000017771740187
0.000007723027209 0.000003864955580 -0.000002290095907 -0.000016757479025 0.000009809184417 0.000008056972859
0.000002411839732 -0.000013703773332 -0.000001428409170 0.000000806195061 0.000014348327698 -0.000011771618888
0.000008974279097 -0.000016577364939 -0.000015090333525 0.000017587851336 -0.000008642925503 -0.000006763981182
0.000017942511812 -0.000007206256995 -0.000000426999484 -0.000008201035506 -0.000012534373380 -0.000011721610080
-0.000015425641391 -0.000005802155248 0.000002856307305 0.000003741352224 0.000002518864176 0.000008584822258
0.000010233097910 0.000016464868364 0.000014286429823 -0.000013999702488 -0.000000860519182 0.000013763383594
-0.000012103018029 -0.000002852933045 0.000007641968974 -0.000001530905127 -0.000016471105559 0.000014507215902
0.000001713136456 0.000009222924349 -0.000015372049515 0.000016713743697 0.000004906924534 0.000016814282512
0.000002390531782 0.000012861772779 -0.000017710154153 0.000005119897107 0.000011092802654 0.000013874480155
-0.000010426479601 -0.000010002670129 -0.000000351115170 0.000010905650704 0.000005456189377 -0.000012949814911
0.000005608391584 0.000013050394806 -0.000017276854288 0.000014311434906 -0.000003331499023 -0.000007579783429
-0.000004274736960 0.000003510449064 0.000007615107109 -0.000016750342727 0.000011125985450 0.000007835834031
0.000011397238702 0.000000304252090 -0.000007598264949 0.000009848126741 0.000013881168499 0.000015911808766
-0.000000624047893 -0.000016284163206 -0.000001351448105 -0.000014397865400 0.000015103156791 0.000013020355579
-0.000015219127226 0.000010295626594 -0.000011248117451 0.000018248179066 0.000016224632976 -0.000006983433155
-0.000011526387679 -0.000017511704314 -0.000010337033851 -0.000015596492101 0.000003065883763 -0.000000183956130
0.000014421995813 -0.000005107530029 0.000008223961568 -0.000013147719888 0.000006095988661 0.000002134452995
0.000012970300098 0.000016468393187 0.000001578568664 -0.000002759139187 -0.000000791512466 0.000000407922609
-0.000007152617496 -0.000001401531918 0.000016893196196 -0.000008186022498 -0.000012160171681 0.000011159392572
0.000001559260322 0.000000923708582 0.000015024627591 -0.000005187605974 0.000004339017311 0.000003726128522
-0.000014350013017 0.000009821013395 0.000011838350506 0.000017886147872 0.000008609894930 0.000015520000361
-0.000003160473978 0.000010236627155 0.000012418830495 -0.000016418107787 0.000000139983295 -0.000017744868967
0.000016644398766 -0.000014084016839 0.000007509633373 0.000001758072423 0.000013204721013 0.000007050757529
-0.000002293712749 0.000005832138846 -0.000004244995988 0.000002324981710 -0.000004244092785 -0.000002293530979
-0.000016907021362 -0.000005928154144 0.000011842812072 0.000002920752753 -0.000007874869595 -0.000013294597438
0.000003188206628 -0.000013984736121 0.000013785081899 -0.000002832018629 -0.000000672831472 0.000004640886893
0.000002298121598 -0.000008519387490 0.000004869159874 0.000007255755669 0.000017425142822 -0.000017473274172
0.000017597539612 0.000000099579756 0.000008291951700 0.000011858747450 -0.000013667637681 -0.000009753498511
-0.000010542580466 -0.000014290612978 -0.000015283056237 0.000014314514602 0.000001346032830 0.000012190042747
0.000011075036645 -0.000014361455706 -0.000017898072404 -0.000000922493031 0.000016235880191 -0.000011972583625
0.000003139969600 -0.000018382515260 0.000001957887228 -0.000017792288329 0.000012466163873 0.000005411156757
0.000012568168493 -0.000007524824439 -0.000010926081776 -0.000010003151948 0.000007834673277 0.000016789284666
0.000007746792398 -0.000018362758206 -0.000005937052341 0.000017591233414 -0.000001128552931 0.000004282417909
0.000011970801253 -0.000017155624066 -0.000001955028222 0.000015771613570 0.000006608110301 -0.000013544719723
0.000001567325407 -0.000017047621899 0.000013681300189 0.000005639066428 0.000003560337497 -0.000001729664490
-0.000008470449522 -0.000001356874688 0.000007662301340 -0.000004654460199 0.000015896751054 0.000008929480258
0.000013794621174 0.000017382942397 0.000010620730328 -0.000004407904056 0.000007540437750 0.000000063709911
-0.000017547463444 0.000012817927934 -0.000013845952262 -0.000000341990496 -0.000011080854484 -0.000018199527767
-0.000001246956618 0.000003330331135 -0.000000071885616 0.000006719978651 -0.000003415919086 -0.000013231429523
0.000015146856382 0.000012270703966 -0.000006527086285 0.000011158171800 -0.000000809184421 0.000017463700988
-0.000000319267955 0.000007433522368 -0.000010790925114 0.000002547309748 -0.000018310868301 0.000011657883311
0.000010331475688 -0.000011071543372 0.000000622103384 0.000009586466611 0.000012161396616 -0.000010267542950
0.000014459347845 0.000011937235172 0.000011938703826 -0.000001444814506 -0.000004499754363 -0.000014438863362
-0.000002446122419 -0.000007132282940 0.000015595906109 -0.000004190094470 0.000017785131871 0.000004144080492
0.000002494046386 -0.000000612866564 0.000007312743270 -0.000010812996364 -0.000001041112783 0.000015073394141
0.000015227350440 -0.000004301227775 -0.000010180647964 0.000014328637623 -0.000007902970392 -0.000007128364556
-0.000011607946991 -0.000010434851002 -0.000007863742764 -0.000008590035790 0.000002483231550 -0.000012212416391
0.000018111681404 0.000014511082830 0.000003822610579 -0.000010237537717 0.000015532952753 0.000005864086099
0.000001231691953 0.000016584185811 0.000014733644573 0.000015449362302 0.000011580483142 0.000013196818317
0.000007328360043 0.000016380250719 0.000016199210575 0.000005740763339 0.000010450534422 0.000009848711605
0.000007593000681 -0.000002089184319 -0.000009985983673 -0.000007965767317 0.000005418181650 0.000009231923359
-0.000017214071211 0.000017799403776 -0.000008258883260 -0.000007443400243 -0.000017488835220 0.000011287479569
0.000003262801770 0.000001574489801 0.000016367601386 0.000008612160528 0.000016298199061 0.000007135127276
0.000014815931061 -0.000010891487277 -0.000014186888833 -0.000013497897008 0.000002423376402 0.000017842434808
0.000010365169707 0.000005641608983 -0.000017962395099 0.000004227123445 -0.000004089168762 0.000014636768536
0.000004645501909 -0.000004080176847 -0.000011611441923 -0.000015809902845 -0.000007897019939 0.000006946105184
-0.000012775835314 -0.000012944513378 0.000010303403109 -0.000014483023278 0.000011238151906 -0.000004105239426
-0.000016055593523 0.000015301771589 -0.000014325617945 0.000007932455708 0.000013777183365 -0.000017284872122
0.000012204406728 -0.000010345456288 -0.000005606420916 -0.000014750758313 -0.000013196779022 -0.000007948022811
-0.000004523552468 -0.000015628969873 -0.000017490314367 0.000013907467140 -0.000003650505688 0.000008457436097
-0.000011698901854 0.000005662559424 0.000017889167274 0.000006413303471 0.000015486763573 0.000008346064931
-0.000017368283017 0.000013941869304 0.000008870631813 0.000010729002483 0.000014027011506 -0.000002293114289
0.000017239408881 0.000008717289388 -0.000012407679549 -0.000006765031411 -0.000000255950544 -0.000004222106779
-0.000003486299527 0.000016413895380 -0.000005268477426 -0.000008917178044 0.000002297434889 0.000011278423867
0.000005370300282 0.000013272593017 0.000014954045434 0.000016962619778 0.000005005811184 -0.000005881349960
-0.000015198499811 0.000008386153877 0.000016874801752 -0.000002657496546 0.000014243107539 0.000003669847465
-0.000008382290360 0.000007233723550 0.000008576501202 0.000014369321640 -0.000005371344328 0.000017088604481
-0.000008907402412 0.000010497285007 0.000017667502989 -0.000001599699347 -0.000013524609808 -0.000016112279632
0.000000392670216 -0.000011687229872 0.000002611270306 0.000001501940419 -0.000002189375831 -0.000016144318587
0.000010840844206 -0.000008216437053 -0.000008379814283 -0.000005041948775 -0.000002758304776 -0.000002010711237
-0.000013537560328 -0.000010496056493 0.000015449216411 0.000015024815430 0.000005084020258 -0.000002132721015
-0.000003523372426 -0.000005597610545 -0.000004834767367 -0.000007476375551 -0.000008458699800 0.000002531712016
-0.000003591079202 -0.000016650083144 0.000004991541136 0.000017382977396 0.000004680936898 -0.000014949495935
0.000007231853949 -0.000015066804675 0.000011386043593 0.000011900519917 0.000010753207003 -0.000001343969359
0.000007740929111 -0.000010878754973 -0.000008360148184 0.000008472194101 0.000017905416559 -0.000001570792379
0.000009473597712 -0.000011733650890 -0.000009852761119 -0.000009806742326 -0.000008015336956 -0.000015124383111
-0.000000384010060 -0.000008675827179 0.000010602050871 -0.000007327504375 0.000015400912944 0.000004910771838
0.000007889100225 0.000011777287595 -0.000007943644852 0.000004926069054 -0.000015499088335 -0.000015671509427
0.000000274708554 0.000007526310049 -0.000013088847444 -0.000003343220531 -0.000008278116567 -0.000000257101911
-0.000009757814210 -0.000011813359454 0.000001053120600 -0.000010772598597 -0.000013488280899 -0.000006434293672
0.000008210072468 0.000011039821818 -0.000001223265031 0.000000192823362 0.000014111505283 -0.000007264632928
-0.000003376385449 0.000000979842574 -0.000016999746497 -0.000018049297249 0.000017657016273 -0.000016598423075
0.000010130526535 0.000003713077181 0.000017767529470 -0.000001381626684 -0.000007478967470 -0.000008982598151
0.000016145130112 -0.000016705376757 -0.000000482435046 0.000000248014761 0.000009814783288 0.000003986125083
-0.000003696422507 -0.000010962116931 0.000015493541135 0.000003600214860 0.000006473427843 -0.000010102830111
0.000004219979842 0.000011983531987 0.000002957727586 0.000005435757047 -0.000015156959117 0.000002274470028
-0.000002485297931 -0.000004887333354 -0.000014495323858 -0.000001550425894 -0.000017392748755 0.000008436665739
0.000013009559143 -0.000001713427226 -0.000003597021413 -0.000000201279194 0.000001754048330 -0.000004404407950
0.000002477826337 0.000013501301658 -0.000009309758181 -0.000013366848491 -0.000016641844324 -0.000003657011246
-0.000006430175488 0.000017482950257 -0.000002663329432 0.000017077950248 -0.000017948281309 0.000012671788003
0.000004983220457 -0.000004287407398 -0.000008809441170 -0.000006615482177 -0.000013616769675 -0.000004569891124
0.000006711224242 -0.000000713886107 0.000009662468925 0.000003703417223 -0.000008893523089 0.000017025754762
-0.000014747582118 -0.000013397265562 -0.000016013362869 -0.000003419124083 -0.000005781927736 0.000003655366531
0.000012708382267 -0.000006049453742 -0.000001605091650 0.000004982258073 0.000008110601464 -0.000001074118831
-0.000009301345866 0.000001823867669 -0.000009773826228 0.000014386821285 0.000000997096758 0.000003363230391
0.000001175078527 -0.000012808290084 0.000017802515320 -0.000010445452225 -0.000015944075009 -0.000009190021574
0.000005775176047 -0.000002907363167 0.000018286323947 0.000006658661228 0.000010134225348 0.000006547909983
-0.000001336112873 -0.000011530583972 0.000006882714948 0.000010943721717 0.000015497692249 -0.000011655239151
-0.000005182524583 -0.000011453783241 -0.000008627508065 -0.000007964759039 -0.000013003221929 0.000014864386710
0.000007766013420 -0.000004806361281 0.000002961179836 -0.000000270034137 -0.000018196785707 0.000011960537378
0.000016832233929 0.000013393797866 -0.000016507608703 0.000010831849565 -0.000016206715466 -0.000003722226239
0.000011814270039 0.000002633314239 0.000007657864364 0.000014225417299 0.000016627801167 -0.000014545471479
-0.000006209527847 0.000014525290884 -0.000013376490380 -0.000015653213286 0.000009786371476 0.000010370479243
-0.000000877869991 0.000014976181046 -0.000004745244395 0.000006003164015 -0.000009245610427 -0.000014182409831
0.000001177697674 -0.000005646812878 0.000018136512601 -0.000006483195398 -0.000011649280578 -0.000000298008676
0.000011538970444 -0.000001291834302 0.000008081564876 -0.000012504203429 0.000009914186248 -0.000010393749005
-0.000016050796094 0.000016252744590 0.000013656646455 0.000014883740503 0.000015763235193 -0.000000084898538
-0.000017514135084 -0.000012819692541 -0.000007935617169 0.000003577507441 -0.000016941054092 -0.000015117106354
0.000004422334302 0.000010681006382 -0.000010461994584 -0.000013841024184 -0.000013787187380 -0.000014506715643
0.000012373220462 -0.000001428332754 0.000017343889698 -0.000011121115903 0.000016065444294 0.000002296204465
0.000008109231846 -0.000005100903504 0.000003033509261 0.000015284282527 0.000005559994597 -0.000012402631198
0.000012131927453 -0.000015158945072 0.000011317548353 -0.000004139633517 -0.000009205127436 -0.000011457106654
-0.000004130468103 -0.000001366692328 -0.000003462863552 0.000002509249180 0.000003653249562 -0.000017084994834
0.000012135614859 -0.000002735877704 -0.000014838344082 -0.000013221150207 0.000001460893773 0.000011682585438
-0.000011720734196 -0.000010176392450 -0.000002461790739 -0.000015109984441 0.000005534176285 0.000008085089776
0.000009446837005 -0.000006878871384 -0.000005545863914 -0.000002105313419 -0.000007190892795 -0.000015843624476
0.000008160945728 -0.000016478880284 0.000015666506216 -0.000001842198595 -0.000017726386851 0.000011943387192
0.000007794813638 0.000006019921184 -0.000008179167183 0.000005325677958 0.000003526307585 0.000011566148184
0.000011415594031 -0.000004615239678 -0.000013313149006 -0.000014272777946 0.000006250330521 -0.000010234515046
-0.000013821352023 -0.000003116693032 -0.000015143923045 0.000011754422232 -0.000000419618169 0.000000505826060
-0.000008015926143 0.000001377067296 0.000007894077764 -0.000005060832879 0.000018116085593 -0.000014840865215
0.000007990569804 0.000015580511604 -0.000005990434484 0.000016451078459 -0.000011683293382 0.000017089503619
0.000001798164038 -0.000002028871856 -0.000010441354601 -0.000012194707173 0.000017384414875 0.000004192367659
-0.000013202263049 -0.000010286257748 0.000011037492917 0.000015904177673 -0.000017987492876 -0.000004224128541
-0.000016937602660 -0.000001450911966 -0.000007723044892 0.000013481297798 -0.000012482558193 0.000010748547163
0.000018385850555 -0.000017408151632 -0.000007221168197 0.000004069523181 0.000011555233238 0.000002838847186
0.000011789053874 -0.000001619963090 0.000013349596349 0.000003142013849 0.000009103964242 -0.000015383859967
0.000010194511769 -0.000012006170774 -0.000007039385845 -0.000003571985404 0.000001703656655 -0.000011099404384
0.000003232937291 -0.000017657528693 -0.000012410109603 0.000015648483024 -0.000012754138897 0.000014833728445
-0.000001261999968 0.000011347238909 -0.000001292619413 0.000006654638392 -0.000011800428730 0.000008530771967
0.000015560111828 0.000014293513186 -0.000017023911972 -0.000015547777115 -0.000015000109699 0.000015282058468
-0.000006852724793 0.000006217139140 -0.000009827049225 -0.000010205040281 0.000005285431201 -0.000008919980807
0.000014254970956 -0.000012846541600 0.000016816710029 0.000016309226538 0.000009008373746 0.000004581711729
-0.000009642783096 0.000007097778617 -0.000004990744984 -0.000001419586566 0.000005053253011 0.000005244063743
-0.000004944904498 -0.000014976956282 -0.000016758339744 0.000008641117869 -0.000015024289931 -0.000006980987334
0.000006093379711 0.000016207015208 -0.000007495495657 0.000001303772676 0.000008384362589 -0.000004842748658
0.000018222856770 0.000000443082984 -0.000004033195423 0.000015888178929 0.000013277488232 -0.000002924863929
0.000012747930278 -0.000010642746250 -0.000017600533821 0.000015151216676 0.000006715456419 -0.000002815565022
0.000015273023568 0.000001225002146 0.000005501438435 0.000017989144345 0.000005927289632 -0.000008640748868
-0.000014665598277 0.000018205506718 -0.000014453830174 -0.000016907476519 0.000017310529757 0.000000176941760
-0.000006805199752 0.000001994347700 0.000004745593730 -0.000015510248376 -0.000009893738809 0.000000999170534
0.000013580290625 0.000007121146088 -0.000014022285693 -0.000012409884605 0.000013411566173 -0.000001405394618
0.000004089981802 0.000001476434111 0.000012003793429 -0.000004442458938 0.000002635101581 -0.000008888958407
-0.000012196488613 0.000003059444071 0.000011125246736 0.000006778323638 -0.000005663539837 -0.000004035688541
0.000010361336350 0.000006617417123 0.000010453659506 0.000015256164851 0.000007820741040 -0.000007098122477
0.000004774021564 -0.000006637901135 0.000009520208383 -0.000000846214071 0.000002576711191 0.000014917423102
-0.000017140440711 0.000003508295662 -0.000000155642944 0.000007536068422 0.000011539611695 0.000017792916400
-0.000015432192105 0.000014041828119 0.000017050925445 -0.000006965091963 -0.000014866457776 -0.000002882200403
0.000002575942412 -0.000003847773365 -0.000012586974802 -0.000003895484839 0.000017049934500 0.000010823773384
-0.000015079726529 0.000005686138755 0.000004160116098 0.000009331814902 0.000004277156325 -0.000016507390291
-0.000001664799042 -0.000008997005136 0.000011392537410 0.000014259278640 -0.000007992870823 0.000011851566988
0.000015461162700 -0.000003022120901 0.000013676394883 0.000017385935974 -0.000005660133936 -0.000000357629051
-0.000004313656253 0.000009634122496 0.000012526226870 0.000000345240504 0.000016962355373 0.000006212205786
0.000006277889479 -0.000015035364834 -0.000010653630087 0.000003730255944 -0.000001452234645 0.000000026385249
-0.000010802157312 0.000005450965035 0.000018151890313 -0.000006642985310 -0.000008060899956 0.000011685537993
-0.000012610828420 0.000002704476692 0.000010997453589 -0.000012648325652 0.000002994553985 -0.000011743861514
0.000005772008004 0.000016981677897 -0.000014222095326 -0.000003379569942 0.000003363070706 -0.000013036180059
-0.000015510636036 0.000005919340262 -0.000013852138667 0.000002927173836 -0.000015693615620 0.000017620014681
0.000014754765271 -0.000002979564671 -0.000005310616574 0.000000711054179 -0.000010396257774 -0.000004269701500
-0.000015442319846 -0.000016128588080 -0.000015929491922 0.000002229091460 -0.000003499208605 -0.000014097746106
-0.000005981881395 0.000014252752473 -0.000017010953262 0.000000113239787 0.000010012962596 0.000009205293374
-0.000011003693634 -0.000002232769887 -0.000013526233406 0.000010261980790 -0.000018316674787 0.000003100953824
0.000011857136887 0.000001729195393 -0.000009232545947 -0.000001388144605 -0.000016075576045 0.000010081746837
-0.000007693920508 0.000004283684508 -0.000001501820896 0.000000670722094 0.000008203930782 -0.000005517173056
-0.000015523565488 0.000012549623872 0.000012782954710 0.000000310779045 0.000013898886162 -0.000008474188494
-0.000000127612135 0.000012293429178 -0.000018153591810 -0.000018012000501 0.000008320007582 -0.000008198384414
0.000012992380418 -0.000006871942364 -0.000006724106245 -0.000012504934768 -0.000010933699900 -0.000007950989066
0.000005636026484 0.000001246904153 -0.000005625462452 0.000009265042462 0.000014717484043 -0.000017420013162
0.000017399897552 0.000008613252362 -0.000007958226654 0.000016117008409 -0.000008397309900 -0.000012525028802
-0.000010376059152 -0.000015017650576 0.000006437628813 -0.000006148164634 0.000011516508083 0.000008292268451
-0.000011250791997 -0.000011985220883 0.000001725521759 -0.000011274797096 -0.000008260484332 0.000010648935124
-0.000000283916717 -0.000008839793371 0.000012860607315 -0.000002235167581 0.000001018735225 -0.000007263589970
0.000011800030843 -0.000002630936529 0.000008248911687 0.000009079783180 0.000010377182433 -0.000017160930101
-0.000006329823117 -0.000010134231811 0.000009260405053 -0.000007694545762 0.000008899127453 -0.000013515415620
